{
 "cells": [
  {
   "cell_type": "markdown",
   "metadata": {},
   "source": [
    "Loading the data\n",
    "\n",
    "id: household\n",
    "\n",
    "Choices:  \n",
    "- heinz41  \n",
    "- heinz32  \n",
    "- heinz28  \n",
    "- hunts32  \n",
    "\n",
    "variables  \n",
    "- disp (1/0)  \n",
    "- feat (1/0)  \n",
    "- price (Log?)  "
   ]
  },
  {
   "cell_type": "code",
   "execution_count": 8,
   "metadata": {},
   "outputs": [
    {
     "data": {
      "text/html": [
       "<div>\n",
       "<style scoped>\n",
       "    .dataframe tbody tr th:only-of-type {\n",
       "        vertical-align: middle;\n",
       "    }\n",
       "\n",
       "    .dataframe tbody tr th {\n",
       "        vertical-align: top;\n",
       "    }\n",
       "\n",
       "    .dataframe thead th {\n",
       "        text-align: right;\n",
       "    }\n",
       "</style>\n",
       "<table border=\"1\" class=\"dataframe\">\n",
       "  <thead>\n",
       "    <tr style=\"text-align: right;\">\n",
       "      <th></th>\n",
       "      <th>id</th>\n",
       "      <th>disp.heinz41</th>\n",
       "      <th>disp.heinz32</th>\n",
       "      <th>disp.heinz28</th>\n",
       "      <th>disp.hunts32</th>\n",
       "      <th>feat.heinz41</th>\n",
       "      <th>feat.heinz32</th>\n",
       "      <th>feat.heinz28</th>\n",
       "      <th>feat.hunts32</th>\n",
       "      <th>price.heinz41</th>\n",
       "      <th>price.heinz32</th>\n",
       "      <th>price.heinz28</th>\n",
       "      <th>price.hunts32</th>\n",
       "      <th>choice</th>\n",
       "      <th>choiceindex</th>\n",
       "    </tr>\n",
       "  </thead>\n",
       "  <tbody>\n",
       "    <tr>\n",
       "      <th>0</th>\n",
       "      <td>1</td>\n",
       "      <td>0</td>\n",
       "      <td>0</td>\n",
       "      <td>0</td>\n",
       "      <td>0</td>\n",
       "      <td>0</td>\n",
       "      <td>0</td>\n",
       "      <td>0</td>\n",
       "      <td>0</td>\n",
       "      <td>4.6</td>\n",
       "      <td>3.7</td>\n",
       "      <td>5.2</td>\n",
       "      <td>3.4</td>\n",
       "      <td>heinz28</td>\n",
       "      <td>2</td>\n",
       "    </tr>\n",
       "    <tr>\n",
       "      <th>1</th>\n",
       "      <td>1</td>\n",
       "      <td>0</td>\n",
       "      <td>0</td>\n",
       "      <td>0</td>\n",
       "      <td>0</td>\n",
       "      <td>0</td>\n",
       "      <td>0</td>\n",
       "      <td>0</td>\n",
       "      <td>0</td>\n",
       "      <td>4.6</td>\n",
       "      <td>4.3</td>\n",
       "      <td>5.2</td>\n",
       "      <td>4.4</td>\n",
       "      <td>heinz28</td>\n",
       "      <td>2</td>\n",
       "    </tr>\n",
       "    <tr>\n",
       "      <th>2</th>\n",
       "      <td>1</td>\n",
       "      <td>0</td>\n",
       "      <td>0</td>\n",
       "      <td>0</td>\n",
       "      <td>0</td>\n",
       "      <td>0</td>\n",
       "      <td>1</td>\n",
       "      <td>0</td>\n",
       "      <td>0</td>\n",
       "      <td>4.6</td>\n",
       "      <td>2.5</td>\n",
       "      <td>4.6</td>\n",
       "      <td>4.8</td>\n",
       "      <td>heinz28</td>\n",
       "      <td>2</td>\n",
       "    </tr>\n",
       "    <tr>\n",
       "      <th>3</th>\n",
       "      <td>1</td>\n",
       "      <td>0</td>\n",
       "      <td>0</td>\n",
       "      <td>0</td>\n",
       "      <td>0</td>\n",
       "      <td>0</td>\n",
       "      <td>0</td>\n",
       "      <td>0</td>\n",
       "      <td>0</td>\n",
       "      <td>4.6</td>\n",
       "      <td>3.7</td>\n",
       "      <td>5.2</td>\n",
       "      <td>3.4</td>\n",
       "      <td>heinz28</td>\n",
       "      <td>2</td>\n",
       "    </tr>\n",
       "    <tr>\n",
       "      <th>4</th>\n",
       "      <td>1</td>\n",
       "      <td>0</td>\n",
       "      <td>0</td>\n",
       "      <td>0</td>\n",
       "      <td>0</td>\n",
       "      <td>0</td>\n",
       "      <td>0</td>\n",
       "      <td>1</td>\n",
       "      <td>0</td>\n",
       "      <td>4.6</td>\n",
       "      <td>3.0</td>\n",
       "      <td>4.6</td>\n",
       "      <td>4.8</td>\n",
       "      <td>heinz28</td>\n",
       "      <td>2</td>\n",
       "    </tr>\n",
       "  </tbody>\n",
       "</table>\n",
       "</div>"
      ],
      "text/plain": [
       "   id  disp.heinz41  disp.heinz32  disp.heinz28  disp.hunts32  feat.heinz41  \\\n",
       "0   1             0             0             0             0             0   \n",
       "1   1             0             0             0             0             0   \n",
       "2   1             0             0             0             0             0   \n",
       "3   1             0             0             0             0             0   \n",
       "4   1             0             0             0             0             0   \n",
       "\n",
       "   feat.heinz32  feat.heinz28  feat.hunts32  price.heinz41  price.heinz32  \\\n",
       "0             0             0             0            4.6            3.7   \n",
       "1             0             0             0            4.6            4.3   \n",
       "2             1             0             0            4.6            2.5   \n",
       "3             0             0             0            4.6            3.7   \n",
       "4             0             1             0            4.6            3.0   \n",
       "\n",
       "   price.heinz28  price.hunts32   choice  choiceindex  \n",
       "0            5.2            3.4  heinz28            2  \n",
       "1            5.2            4.4  heinz28            2  \n",
       "2            4.6            4.8  heinz28            2  \n",
       "3            5.2            3.4  heinz28            2  \n",
       "4            4.6            4.8  heinz28            2  "
      ]
     },
     "execution_count": 8,
     "metadata": {},
     "output_type": "execute_result"
    }
   ],
   "source": [
    "import numpy as np\n",
    "import pandas as pd\n",
    "df = pd.read_pickle(\"data.pkl\") \n",
    "df.head()"
   ]
  },
  {
   "cell_type": "markdown",
   "metadata": {},
   "source": [
    "Defining the likelihood function using numba and numpy arrays and multiple draws"
   ]
  },
  {
   "cell_type": "code",
   "execution_count": 10,
   "metadata": {},
   "outputs": [
    {
     "ename": "TypeError",
     "evalue": "logging() missing 2 required positional arguments: 'OptimizeResult' and 'state'",
     "output_type": "error",
     "traceback": [
      "\u001b[1;31m---------------------------------------------------------------------------\u001b[0m",
      "\u001b[1;31mTypeError\u001b[0m                                 Traceback (most recent call last)",
      "\u001b[1;32m<ipython-input-10-baf04e393ce3>\u001b[0m in \u001b[0;36m<module>\u001b[1;34m\u001b[0m\n\u001b[0;32m     85\u001b[0m     \u001b[1;32mreturn\u001b[0m \u001b[0mminimize\u001b[0m\u001b[1;33m(\u001b[0m\u001b[0mlikelihood\u001b[0m\u001b[1;33m,\u001b[0m \u001b[0mc_0\u001b[0m\u001b[1;33m,\u001b[0m \u001b[0margs\u001b[0m\u001b[1;33m=\u001b[0m\u001b[1;33m(\u001b[0m\u001b[0mdata\u001b[0m\u001b[1;33m.\u001b[0m\u001b[0mdrop\u001b[0m\u001b[1;33m(\u001b[0m\u001b[0mcolumns\u001b[0m\u001b[1;33m=\u001b[0m\u001b[1;34m'choice'\u001b[0m\u001b[1;33m)\u001b[0m\u001b[1;33m.\u001b[0m\u001b[0mvalues\u001b[0m\u001b[1;33m,\u001b[0m \u001b[0mdraws\u001b[0m\u001b[1;33m)\u001b[0m\u001b[1;33m,\u001b[0m \u001b[0mmethod\u001b[0m\u001b[1;33m=\u001b[0m\u001b[0mmethod\u001b[0m\u001b[1;33m,\u001b[0m \u001b[0mcallback\u001b[0m\u001b[1;33m=\u001b[0m\u001b[0mlogging\u001b[0m\u001b[1;33m)\u001b[0m\u001b[1;33m\u001b[0m\u001b[1;33m\u001b[0m\u001b[0m\n\u001b[0;32m     86\u001b[0m \u001b[1;33m\u001b[0m\u001b[0m\n\u001b[1;32m---> 87\u001b[1;33m \u001b[0mprint\u001b[0m\u001b[1;33m(\u001b[0m\u001b[0mmixedlogit\u001b[0m\u001b[1;33m(\u001b[0m\u001b[0mdf\u001b[0m\u001b[1;33m,\u001b[0m \u001b[0mdrawtype\u001b[0m\u001b[1;33m=\u001b[0m\u001b[1;34m'pseudo'\u001b[0m\u001b[1;33m,\u001b[0m \u001b[0mn_draws\u001b[0m\u001b[1;33m=\u001b[0m\u001b[1;36m1\u001b[0m\u001b[1;33m,\u001b[0m  \u001b[0mmethod\u001b[0m\u001b[1;33m=\u001b[0m\u001b[1;34m'Nelder-Mead'\u001b[0m\u001b[1;33m,\u001b[0m \u001b[0mverbose\u001b[0m\u001b[1;33m=\u001b[0m\u001b[1;32mTrue\u001b[0m\u001b[1;33m)\u001b[0m\u001b[1;33m)\u001b[0m\u001b[1;33m\u001b[0m\u001b[1;33m\u001b[0m\u001b[0m\n\u001b[0m",
      "\u001b[1;32m<ipython-input-10-baf04e393ce3>\u001b[0m in \u001b[0;36mmixedlogit\u001b[1;34m(data, drawtype, n_draws, c_0, method, verbose)\u001b[0m\n\u001b[0;32m     83\u001b[0m \u001b[1;33m\u001b[0m\u001b[0m\n\u001b[0;32m     84\u001b[0m \u001b[1;33m\u001b[0m\u001b[0m\n\u001b[1;32m---> 85\u001b[1;33m     \u001b[1;32mreturn\u001b[0m \u001b[0mminimize\u001b[0m\u001b[1;33m(\u001b[0m\u001b[0mlikelihood\u001b[0m\u001b[1;33m,\u001b[0m \u001b[0mc_0\u001b[0m\u001b[1;33m,\u001b[0m \u001b[0margs\u001b[0m\u001b[1;33m=\u001b[0m\u001b[1;33m(\u001b[0m\u001b[0mdata\u001b[0m\u001b[1;33m.\u001b[0m\u001b[0mdrop\u001b[0m\u001b[1;33m(\u001b[0m\u001b[0mcolumns\u001b[0m\u001b[1;33m=\u001b[0m\u001b[1;34m'choice'\u001b[0m\u001b[1;33m)\u001b[0m\u001b[1;33m.\u001b[0m\u001b[0mvalues\u001b[0m\u001b[1;33m,\u001b[0m \u001b[0mdraws\u001b[0m\u001b[1;33m)\u001b[0m\u001b[1;33m,\u001b[0m \u001b[0mmethod\u001b[0m\u001b[1;33m=\u001b[0m\u001b[0mmethod\u001b[0m\u001b[1;33m,\u001b[0m \u001b[0mcallback\u001b[0m\u001b[1;33m=\u001b[0m\u001b[0mlogging\u001b[0m\u001b[1;33m)\u001b[0m\u001b[1;33m\u001b[0m\u001b[1;33m\u001b[0m\u001b[0m\n\u001b[0m\u001b[0;32m     86\u001b[0m \u001b[1;33m\u001b[0m\u001b[0m\n\u001b[0;32m     87\u001b[0m \u001b[0mprint\u001b[0m\u001b[1;33m(\u001b[0m\u001b[0mmixedlogit\u001b[0m\u001b[1;33m(\u001b[0m\u001b[0mdf\u001b[0m\u001b[1;33m,\u001b[0m \u001b[0mdrawtype\u001b[0m\u001b[1;33m=\u001b[0m\u001b[1;34m'pseudo'\u001b[0m\u001b[1;33m,\u001b[0m \u001b[0mn_draws\u001b[0m\u001b[1;33m=\u001b[0m\u001b[1;36m1\u001b[0m\u001b[1;33m,\u001b[0m  \u001b[0mmethod\u001b[0m\u001b[1;33m=\u001b[0m\u001b[1;34m'Nelder-Mead'\u001b[0m\u001b[1;33m,\u001b[0m \u001b[0mverbose\u001b[0m\u001b[1;33m=\u001b[0m\u001b[1;32mTrue\u001b[0m\u001b[1;33m)\u001b[0m\u001b[1;33m)\u001b[0m\u001b[1;33m\u001b[0m\u001b[1;33m\u001b[0m\u001b[0m\n",
      "\u001b[1;32m~\\Anaconda3\\lib\\site-packages\\scipy\\optimize\\_minimize.py\u001b[0m in \u001b[0;36mminimize\u001b[1;34m(fun, x0, args, method, jac, hess, hessp, bounds, constraints, tol, callback, options)\u001b[0m\n\u001b[0;32m    589\u001b[0m                       callback=callback, **options)\n\u001b[0;32m    590\u001b[0m     \u001b[1;32melif\u001b[0m \u001b[0mmeth\u001b[0m \u001b[1;33m==\u001b[0m \u001b[1;34m'nelder-mead'\u001b[0m\u001b[1;33m:\u001b[0m\u001b[1;33m\u001b[0m\u001b[1;33m\u001b[0m\u001b[0m\n\u001b[1;32m--> 591\u001b[1;33m         \u001b[1;32mreturn\u001b[0m \u001b[0m_minimize_neldermead\u001b[0m\u001b[1;33m(\u001b[0m\u001b[0mfun\u001b[0m\u001b[1;33m,\u001b[0m \u001b[0mx0\u001b[0m\u001b[1;33m,\u001b[0m \u001b[0margs\u001b[0m\u001b[1;33m,\u001b[0m \u001b[0mcallback\u001b[0m\u001b[1;33m,\u001b[0m \u001b[1;33m**\u001b[0m\u001b[0moptions\u001b[0m\u001b[1;33m)\u001b[0m\u001b[1;33m\u001b[0m\u001b[1;33m\u001b[0m\u001b[0m\n\u001b[0m\u001b[0;32m    592\u001b[0m     \u001b[1;32melif\u001b[0m \u001b[0mmeth\u001b[0m \u001b[1;33m==\u001b[0m \u001b[1;34m'powell'\u001b[0m\u001b[1;33m:\u001b[0m\u001b[1;33m\u001b[0m\u001b[1;33m\u001b[0m\u001b[0m\n\u001b[0;32m    593\u001b[0m         \u001b[1;32mreturn\u001b[0m \u001b[0m_minimize_powell\u001b[0m\u001b[1;33m(\u001b[0m\u001b[0mfun\u001b[0m\u001b[1;33m,\u001b[0m \u001b[0mx0\u001b[0m\u001b[1;33m,\u001b[0m \u001b[0margs\u001b[0m\u001b[1;33m,\u001b[0m \u001b[0mcallback\u001b[0m\u001b[1;33m,\u001b[0m \u001b[1;33m**\u001b[0m\u001b[0moptions\u001b[0m\u001b[1;33m)\u001b[0m\u001b[1;33m\u001b[0m\u001b[1;33m\u001b[0m\u001b[0m\n",
      "\u001b[1;32m~\\Anaconda3\\lib\\site-packages\\scipy\\optimize\\optimize.py\u001b[0m in \u001b[0;36m_minimize_neldermead\u001b[1;34m(func, x0, args, callback, maxiter, maxfev, disp, return_all, initial_simplex, xatol, fatol, adaptive, **unknown_options)\u001b[0m\n\u001b[0;32m    614\u001b[0m         \u001b[0mfsim\u001b[0m \u001b[1;33m=\u001b[0m \u001b[0mnumpy\u001b[0m\u001b[1;33m.\u001b[0m\u001b[0mtake\u001b[0m\u001b[1;33m(\u001b[0m\u001b[0mfsim\u001b[0m\u001b[1;33m,\u001b[0m \u001b[0mind\u001b[0m\u001b[1;33m,\u001b[0m \u001b[1;36m0\u001b[0m\u001b[1;33m)\u001b[0m\u001b[1;33m\u001b[0m\u001b[1;33m\u001b[0m\u001b[0m\n\u001b[0;32m    615\u001b[0m         \u001b[1;32mif\u001b[0m \u001b[0mcallback\u001b[0m \u001b[1;32mis\u001b[0m \u001b[1;32mnot\u001b[0m \u001b[1;32mNone\u001b[0m\u001b[1;33m:\u001b[0m\u001b[1;33m\u001b[0m\u001b[1;33m\u001b[0m\u001b[0m\n\u001b[1;32m--> 616\u001b[1;33m             \u001b[0mcallback\u001b[0m\u001b[1;33m(\u001b[0m\u001b[0msim\u001b[0m\u001b[1;33m[\u001b[0m\u001b[1;36m0\u001b[0m\u001b[1;33m]\u001b[0m\u001b[1;33m)\u001b[0m\u001b[1;33m\u001b[0m\u001b[1;33m\u001b[0m\u001b[0m\n\u001b[0m\u001b[0;32m    617\u001b[0m         \u001b[0miterations\u001b[0m \u001b[1;33m+=\u001b[0m \u001b[1;36m1\u001b[0m\u001b[1;33m\u001b[0m\u001b[1;33m\u001b[0m\u001b[0m\n\u001b[0;32m    618\u001b[0m         \u001b[1;32mif\u001b[0m \u001b[0mretall\u001b[0m\u001b[1;33m:\u001b[0m\u001b[1;33m\u001b[0m\u001b[1;33m\u001b[0m\u001b[0m\n",
      "\u001b[1;31mTypeError\u001b[0m: logging() missing 2 required positional arguments: 'OptimizeResult' and 'state'"
     ]
    }
   ],
   "source": [
    "import numpy as np\n",
    "import pandas as pd\n",
    "from scipy.optimize import minimize\n",
    "from numba import jit, prange\n",
    "\n",
    "@jit(nopython=True, parallel=True)\n",
    "def likelihood(c, data, draws):\n",
    "    #print(\"evaluation likelihood\")\n",
    "    n_r = draws.shape[0]\n",
    "    n_q = draws.shape[1]\n",
    "#   n_k = draws.shape[2]\n",
    "    \n",
    "    #matrix with all simulations\n",
    "    simulations = np.zeros((n_q, n_r))\n",
    "    \n",
    "    #iterate over households\n",
    "    for q in prange(n_q):\n",
    "        rows = data[np.where(data[:,0] == q+1)]\n",
    "        n_rows = len(rows)\n",
    "        \n",
    "        #iterate over draws per household\n",
    "        for r in prange(n_r):\n",
    "            probabilities= np.zeros(n_rows)\n",
    "            \n",
    "            #iterate over oberservations per househould\n",
    "            for t in prange(n_rows):\n",
    "                choices = np.zeros(4)\n",
    "                \n",
    "                #itetate over probability of choices per observation\n",
    "                for j in prange(4):\n",
    "                    utility = 0; #start with alpha\n",
    "                    if j < 3: utility = c[j]\n",
    "                    x = [rows[t][1+j], rows[t][5+j], rows[t][9+j]]\n",
    "                    mu =  c[3:6]\n",
    "                    sigma = c[6:]\n",
    "                    #np.exp(alpha +  np.dot(c[3:6],x) + np.dot(np.multiply(c[6:],draws[row[0]-1]),x))\n",
    "                    for l in prange(3):\n",
    "                          utility += mu[l] * x[l] + sigma[l] * draws[r][q][l] * x[l]\n",
    "\n",
    "                    choices[j] = np.exp(utility)\n",
    "            \n",
    "                probabilities[t] = choices[int(rows[t][13])] / np.sum(choices)\n",
    "                \n",
    "            simulations[q,r] = np.exp(np.log(probabilities).sum())\n",
    "            \n",
    "    estimates = np.zeros(n_q)\n",
    "    for q in prange(n_q):\n",
    "        estimates[q] = np.sum(simulations[q,:]) / n_r #.mean()\n",
    "    return -np.log(estimates).sum()\n",
    "\n",
    "\n",
    "   \n",
    "def mixedlogit(data, drawtype, n_draws, c_0=False, method='BFGS', verbose=False):\n",
    "    n_q = len(data.id.unique())\n",
    "    \n",
    "#     coefficients = [#alpha heinz41\n",
    "#                     #alpha heinz32 \n",
    "#                     #alpha hunts32\n",
    "#                     #mu    display\n",
    "#                     #mu    feat\n",
    "#                     #mu    price\n",
    "#                     #sigma dispay \n",
    "#                     #sigma feat \n",
    "#                     #sigma price \n",
    "#                     ]\n",
    "    \n",
    "    #generate inital values if neccesary\n",
    "    if c_0 == False:\n",
    "            #genereate random starting coefficients\n",
    "            c_0 = np.random.rand(9)\n",
    "    elif len(c_0) != 9:\n",
    "        raise Exception(\"Incorrect initial coefficients\")\n",
    "    \n",
    "    #generate draws\n",
    "    if drawtype == 'pseudo':\n",
    "        draws = np.random.randn(n_draws, n_q, 3); \n",
    "    else:\n",
    "         raise Exception(\"Incorrect Drawtype\")\n",
    "    \n",
    "    def logging(xk, OptimizeResult, state):\n",
    "            print(xk)\n",
    "    \n",
    "    \n",
    "    \n",
    "    return minimize(likelihood, c_0, args=(data.drop(columns='choice').values, draws), method=method, callback=logging)\n",
    "    \n",
    "print(mixedlogit(df, drawtype='pseudo', n_draws=1,  method='Nelder-Mead', verbose=True))"
   ]
  },
  {
   "cell_type": "markdown",
   "metadata": {},
   "source": [
    "benchmarking and comparing pandas and numba implementation"
   ]
  },
  {
   "cell_type": "code",
   "execution_count": null,
   "metadata": {},
   "outputs": [],
   "source": [
    "import time\n",
    "np.random.seed(1234)\n",
    "n = 5\n",
    "\n",
    "\n",
    "coefficients = [1, #alpha heinz41\n",
    "                3, #alpha heinz32 \n",
    "                2, #alpha hunts32\n",
    "                2, #mu    display\n",
    "                4, #mu    feat\n",
    "                8, #mu    price\n",
    "                3, #sigma dispay \n",
    "                1, #sigma feat \n",
    "                2, #sigma price \n",
    "                ]\n",
    "# print(likelihood(coefficients, df.drop(columns='choice').values, draws))\n",
    "\n",
    "# print(vec_likelihood(coefficients, df.drop(columns='choice').values, draws))\n",
    "\n",
    "# # DO NOT REPORT THIS... COMPILATION TIME IS INCLUDED IN THE EXECUTION TIME!\n",
    "# start = time.time()\n",
    "# print(likelihood(coefficients, df.drop(columns='choice').values, draws))\n",
    "# end = time.time()\n",
    "# print(\"Elapsed (first run) = %s\" % (end - start))\n",
    "\n",
    "#NOW THE FUNCTION IS COMPILED, RE-TIME IT EXECUTING FROM CACHE\n",
    "start = time.time()\n",
    "for i in range(n):\n",
    "    likelihood(coefficients, df.drop(columns='choice').values, draws)\n",
    "end = time.time()\n",
    "print(\"Elapsed (compiled) for %d iterations = %s\" % (n, (end - start)))\n",
    "print((end - start)/n)"
   ]
  },
  {
   "cell_type": "markdown",
   "metadata": {},
   "source": [
    "Optimize the parameters"
   ]
  },
  {
   "cell_type": "code",
   "execution_count": 17,
   "metadata": {},
   "outputs": [
    {
     "data": {
      "text/plain": [
       "      fun: 2514.8416450681693\n",
       " hess_inv: array([[ 0.00389356,  0.00030789, -0.00205455,  0.00135123,  0.00129012,\n",
       "         0.00066497, -0.00214754,  0.00083673, -0.00024953],\n",
       "       [ 0.00030789,  0.00419057, -0.0031861 ,  0.0019029 ,  0.00612043,\n",
       "         0.00421966, -0.00233658,  0.00088101, -0.00018094],\n",
       "       [-0.00205455, -0.0031861 ,  0.00496448, -0.00221899, -0.00853704,\n",
       "        -0.00448319,  0.00308346, -0.00241269, -0.00016274],\n",
       "       [ 0.00135123,  0.0019029 , -0.00221899,  0.00251095,  0.00300672,\n",
       "         0.00202024, -0.00213545,  0.00023689, -0.00050022],\n",
       "       [ 0.00129012,  0.00612043, -0.00853704,  0.00300672,  0.01820571,\n",
       "         0.00819528, -0.0051413 ,  0.00509624,  0.0009581 ],\n",
       "       [ 0.00066497,  0.00421966, -0.00448319,  0.00202024,  0.00819528,\n",
       "         0.00631077, -0.00279672,  0.00187061, -0.00016232],\n",
       "       [-0.00214754, -0.00233658,  0.00308346, -0.00213545, -0.0051413 ,\n",
       "        -0.00279672,  0.003162  , -0.0013309 , -0.00014097],\n",
       "       [ 0.00083673,  0.00088101, -0.00241269,  0.00023689,  0.00509624,\n",
       "         0.00187061, -0.0013309 ,  0.00234285,  0.00026631],\n",
       "       [-0.00024953, -0.00018094, -0.00016274, -0.00050022,  0.0009581 ,\n",
       "        -0.00016232, -0.00014097,  0.00026631,  0.00157752]])\n",
       "      jac: array([1.22070312e-04, 6.10351562e-05, 2.13623047e-04, 3.35693359e-04,\n",
       "       1.22070312e-04, 1.83105469e-04, 6.10351562e-05, 6.10351562e-05,\n",
       "       2.44140625e-04])\n",
       "  message: 'Desired error not necessarily achieved due to precision loss.'\n",
       "     nfev: 1266\n",
       "      nit: 33\n",
       "     njev: 114\n",
       "   status: 2\n",
       "  success: False\n",
       "        x: array([ 1.35680049,  1.50339117,  2.42915353,  0.8861045 ,  0.90200882,\n",
       "       -1.39494097, -0.0091551 ,  0.22804515, -0.05673354])"
      ]
     },
     "execution_count": 17,
     "metadata": {},
     "output_type": "execute_result"
    }
   ],
   "source": [
    "res"
   ]
  },
  {
   "cell_type": "code",
   "execution_count": 259,
   "metadata": {},
   "outputs": [
    {
     "name": "stdout",
     "output_type": "stream",
     "text": [
      "[1.  0.5 3. ]\n"
     ]
    }
   ],
   "source": [
    "x = np.array([1,2,3])\n",
    "print(x[])"
   ]
  },
  {
   "cell_type": "code",
   "execution_count": 19,
   "metadata": {},
   "outputs": [
    {
     "data": {
      "text/plain": [
       "      fun: 2298.2193386202657\n",
       " hess_inv: array([[ 1.26431723e-02,  2.07263799e-03,  6.36368277e-03,\n",
       "        -1.40962710e-03, -4.60567245e-03, -4.48184977e-03,\n",
       "        -4.68466899e-03,  1.78027217e-03, -6.41547579e-04],\n",
       "       [ 2.07263799e-03,  3.41190041e-03,  2.51218344e-03,\n",
       "        -7.23017520e-04, -2.22334216e-03, -6.22038206e-04,\n",
       "        -3.99799023e-03,  8.99831064e-04,  1.16075922e-07],\n",
       "       [ 6.36368277e-03,  2.51218344e-03,  7.91808126e-03,\n",
       "        -8.74254649e-04, -6.44476363e-03, -5.09243712e-03,\n",
       "        -7.63268753e-04,  4.34257960e-03,  7.23570363e-04],\n",
       "       [-1.40962710e-03, -7.23017520e-04, -8.74254649e-04,\n",
       "         8.47303098e-03, -1.65001177e-03, -7.16787263e-04,\n",
       "        -1.81736553e-03, -9.01279026e-04,  1.67484346e-04],\n",
       "       [-4.60567245e-03, -2.22334216e-03, -6.44476363e-03,\n",
       "        -1.65001177e-03,  1.76299579e-02,  4.75144726e-03,\n",
       "        -1.62653364e-02,  2.13383493e-04, -2.64783982e-03],\n",
       "       [-4.48184977e-03, -6.22038206e-04, -5.09243712e-03,\n",
       "        -7.16787263e-04,  4.75144726e-03,  1.16443901e-02,\n",
       "        -1.02787369e-02, -2.93581396e-03, -3.53859415e-03],\n",
       "       [-4.68466899e-03, -3.99799023e-03, -7.63268753e-04,\n",
       "        -1.81736553e-03, -1.62653364e-02, -1.02787369e-02,\n",
       "         5.25780558e-02,  4.61376379e-03,  2.77030128e-03],\n",
       "       [ 1.78027217e-03,  8.99831064e-04,  4.34257960e-03,\n",
       "        -9.01279026e-04,  2.13383493e-04, -2.93581396e-03,\n",
       "         4.61376379e-03,  5.52547652e-02, -1.68197951e-04],\n",
       "       [-6.41547579e-04,  1.16075922e-07,  7.23570363e-04,\n",
       "         1.67484346e-04, -2.64783982e-03, -3.53859415e-03,\n",
       "         2.77030128e-03, -1.68197951e-04,  7.27825465e-03]])\n",
       "      jac: array([ 3.05175781e-05,  0.00000000e+00,  9.15527344e-05, -9.15527344e-05,\n",
       "        1.52587891e-04,  0.00000000e+00, -3.05175781e-05,  0.00000000e+00,\n",
       "       -3.05175781e-05])\n",
       "  message: 'Desired error not necessarily achieved due to precision loss.'\n",
       "     nfev: 463\n",
       "      nit: 35\n",
       "     njev: 42\n",
       "   status: 2\n",
       "  success: False\n",
       "        x: array([ 1.43197952,  1.67035876,  2.59696171,  0.99657557,  1.08609353,\n",
       "       -1.69187632,  0.34889099,  0.62601343,  1.25729704])"
      ]
     },
     "execution_count": 19,
     "metadata": {},
     "output_type": "execute_result"
    }
   ],
   "source": [
    "res"
   ]
  }
 ],
 "metadata": {
  "kernelspec": {
   "display_name": "Python 3",
   "language": "python",
   "name": "python3"
  },
  "language_info": {
   "codemirror_mode": {
    "name": "ipython",
    "version": 3
   },
   "file_extension": ".py",
   "mimetype": "text/x-python",
   "name": "python",
   "nbconvert_exporter": "python",
   "pygments_lexer": "ipython3",
   "version": "3.7.1"
  }
 },
 "nbformat": 4,
 "nbformat_minor": 2
}
