{
 "cells": [
  {
   "cell_type": "markdown",
   "metadata": {},
   "source": [
    "Loading the data\n",
    "\n",
    "id: household\n",
    "\n",
    "Choices:  \n",
    "- heinz41  \n",
    "- heinz32  \n",
    "- heinz28  \n",
    "- hunts32  \n",
    "\n",
    "variables  \n",
    "- disp (1/0)  \n",
    "- feat (1/0)  \n",
    "- price (Log?)  "
   ]
  },
  {
   "cell_type": "code",
   "execution_count": 1,
   "metadata": {},
   "outputs": [
    {
     "data": {
      "text/html": [
       "<div>\n",
       "<style scoped>\n",
       "    .dataframe tbody tr th:only-of-type {\n",
       "        vertical-align: middle;\n",
       "    }\n",
       "\n",
       "    .dataframe tbody tr th {\n",
       "        vertical-align: top;\n",
       "    }\n",
       "\n",
       "    .dataframe thead th {\n",
       "        text-align: right;\n",
       "    }\n",
       "</style>\n",
       "<table border=\"1\" class=\"dataframe\">\n",
       "  <thead>\n",
       "    <tr style=\"text-align: right;\">\n",
       "      <th></th>\n",
       "      <th>id</th>\n",
       "      <th>disp.heinz41</th>\n",
       "      <th>disp.heinz32</th>\n",
       "      <th>disp.heinz28</th>\n",
       "      <th>disp.hunts32</th>\n",
       "      <th>feat.heinz41</th>\n",
       "      <th>feat.heinz32</th>\n",
       "      <th>feat.heinz28</th>\n",
       "      <th>feat.hunts32</th>\n",
       "      <th>price.heinz41</th>\n",
       "      <th>price.heinz32</th>\n",
       "      <th>price.heinz28</th>\n",
       "      <th>price.hunts32</th>\n",
       "      <th>choice</th>\n",
       "      <th>choiceindex</th>\n",
       "    </tr>\n",
       "  </thead>\n",
       "  <tbody>\n",
       "    <tr>\n",
       "      <th>0</th>\n",
       "      <td>1</td>\n",
       "      <td>0</td>\n",
       "      <td>0</td>\n",
       "      <td>0</td>\n",
       "      <td>0</td>\n",
       "      <td>0</td>\n",
       "      <td>0</td>\n",
       "      <td>0</td>\n",
       "      <td>0</td>\n",
       "      <td>4.6</td>\n",
       "      <td>3.7</td>\n",
       "      <td>5.2</td>\n",
       "      <td>3.4</td>\n",
       "      <td>heinz28</td>\n",
       "      <td>2</td>\n",
       "    </tr>\n",
       "    <tr>\n",
       "      <th>1</th>\n",
       "      <td>1</td>\n",
       "      <td>0</td>\n",
       "      <td>0</td>\n",
       "      <td>0</td>\n",
       "      <td>0</td>\n",
       "      <td>0</td>\n",
       "      <td>0</td>\n",
       "      <td>0</td>\n",
       "      <td>0</td>\n",
       "      <td>4.6</td>\n",
       "      <td>4.3</td>\n",
       "      <td>5.2</td>\n",
       "      <td>4.4</td>\n",
       "      <td>heinz28</td>\n",
       "      <td>2</td>\n",
       "    </tr>\n",
       "    <tr>\n",
       "      <th>2</th>\n",
       "      <td>1</td>\n",
       "      <td>0</td>\n",
       "      <td>0</td>\n",
       "      <td>0</td>\n",
       "      <td>0</td>\n",
       "      <td>0</td>\n",
       "      <td>1</td>\n",
       "      <td>0</td>\n",
       "      <td>0</td>\n",
       "      <td>4.6</td>\n",
       "      <td>2.5</td>\n",
       "      <td>4.6</td>\n",
       "      <td>4.8</td>\n",
       "      <td>heinz28</td>\n",
       "      <td>2</td>\n",
       "    </tr>\n",
       "    <tr>\n",
       "      <th>3</th>\n",
       "      <td>1</td>\n",
       "      <td>0</td>\n",
       "      <td>0</td>\n",
       "      <td>0</td>\n",
       "      <td>0</td>\n",
       "      <td>0</td>\n",
       "      <td>0</td>\n",
       "      <td>0</td>\n",
       "      <td>0</td>\n",
       "      <td>4.6</td>\n",
       "      <td>3.7</td>\n",
       "      <td>5.2</td>\n",
       "      <td>3.4</td>\n",
       "      <td>heinz28</td>\n",
       "      <td>2</td>\n",
       "    </tr>\n",
       "    <tr>\n",
       "      <th>4</th>\n",
       "      <td>1</td>\n",
       "      <td>0</td>\n",
       "      <td>0</td>\n",
       "      <td>0</td>\n",
       "      <td>0</td>\n",
       "      <td>0</td>\n",
       "      <td>0</td>\n",
       "      <td>1</td>\n",
       "      <td>0</td>\n",
       "      <td>4.6</td>\n",
       "      <td>3.0</td>\n",
       "      <td>4.6</td>\n",
       "      <td>4.8</td>\n",
       "      <td>heinz28</td>\n",
       "      <td>2</td>\n",
       "    </tr>\n",
       "  </tbody>\n",
       "</table>\n",
       "</div>"
      ],
      "text/plain": [
       "   id  disp.heinz41  disp.heinz32  disp.heinz28  disp.hunts32  feat.heinz41  \\\n",
       "0   1             0             0             0             0             0   \n",
       "1   1             0             0             0             0             0   \n",
       "2   1             0             0             0             0             0   \n",
       "3   1             0             0             0             0             0   \n",
       "4   1             0             0             0             0             0   \n",
       "\n",
       "   feat.heinz32  feat.heinz28  feat.hunts32  price.heinz41  price.heinz32  \\\n",
       "0             0             0             0            4.6            3.7   \n",
       "1             0             0             0            4.6            4.3   \n",
       "2             1             0             0            4.6            2.5   \n",
       "3             0             0             0            4.6            3.7   \n",
       "4             0             1             0            4.6            3.0   \n",
       "\n",
       "   price.heinz28  price.hunts32   choice  choiceindex  \n",
       "0            5.2            3.4  heinz28            2  \n",
       "1            5.2            4.4  heinz28            2  \n",
       "2            4.6            4.8  heinz28            2  \n",
       "3            5.2            3.4  heinz28            2  \n",
       "4            4.6            4.8  heinz28            2  "
      ]
     },
     "execution_count": 1,
     "metadata": {},
     "output_type": "execute_result"
    }
   ],
   "source": [
    "import numpy as np\n",
    "import pandas as pd\n",
    "df = pd.read_pickle(\"data.pkl\") \n",
    "df.head()"
   ]
  },
  {
   "cell_type": "markdown",
   "metadata": {},
   "source": [
    "Defining the likelihood function using numba and numpy arrays and multiple draws"
   ]
  },
  {
   "cell_type": "code",
   "execution_count": 2,
   "metadata": {},
   "outputs": [],
   "source": [
    "import numpy as np\n",
    "import pandas as pd\n",
    "import datetime\n",
    "import time\n",
    "from scipy.optimize import minimize\n",
    "from numba import jit, prange\n",
    "\n",
    "@jit(nopython=True, parallel=True)\n",
    "def likelihood(c, data, draws):\n",
    "    #print(\"evaluation likelihood\")\n",
    "    n_r = draws.shape[0]\n",
    "    n_q = draws.shape[1]\n",
    "#   n_k = draws.shape[2]\n",
    "    \n",
    "    #matrix with all simulations\n",
    "    simulations = np.zeros((n_q, n_r))\n",
    "    \n",
    "    #iterate over households\n",
    "    for q in prange(n_q):\n",
    "        rows = data[np.where(data[:,0] == q+1)]\n",
    "        n_rows = len(rows)\n",
    "        \n",
    "        #iterate over draws per household\n",
    "        for r in prange(n_r):\n",
    "            probabilities= np.zeros(n_rows)\n",
    "            \n",
    "            #iterate over oberservations per househould\n",
    "            for t in prange(n_rows):\n",
    "                choices = np.zeros(4)\n",
    "                \n",
    "                #itetate over probability of choices per observation\n",
    "                for j in prange(4):\n",
    "                    utility = 0; #start with alpha\n",
    "                    if j < 3: utility = c[j]\n",
    "                    x = [rows[t][1+j], rows[t][5+j], rows[t][9+j]]\n",
    "                    mu =  c[3:6]\n",
    "                    sigma = c[6:]\n",
    "                    #np.exp(alpha +  np.dot(c[3:6],x) + np.dot(np.multiply(c[6:],draws[row[0]-1]),x))\n",
    "                    for l in prange(3):\n",
    "                          utility += mu[l] * x[l] + sigma[l] * draws[r][q][l] * x[l]\n",
    "\n",
    "                    choices[j] = np.exp(utility)\n",
    "            \n",
    "                probabilities[t] = choices[int(rows[t][13])] / np.sum(choices)\n",
    "                \n",
    "            simulations[q,r] = np.exp(np.log(probabilities).sum())\n",
    "            \n",
    "    estimates = np.zeros(n_q)\n",
    "    for q in prange(n_q):\n",
    "        estimates[q] = np.sum(simulations[q,:]) / n_r #.mean()\n",
    "    return -np.log(estimates).sum()\n",
    "\n",
    "iterations = 1\n",
    "\n",
    "   \n",
    "def mixedlogit(data, drawtype, n_draws, c_0=False, method='BFGS', verbose=False):\n",
    "    n_q = len(data.id.unique())\n",
    "    \n",
    "#     coefficients = [#alpha heinz41\n",
    "#                     #alpha heinz32 \n",
    "#                     #alpha hunts32\n",
    "#                     #mu    display\n",
    "#                     #mu    feat\n",
    "#                     #mu    price\n",
    "#                     #sigma dispay \n",
    "#                     #sigma feat \n",
    "#                     #sigma price \n",
    "#                     ]\n",
    "    \n",
    "    #generate inital values if neccesary\n",
    "    if c_0 == False:\n",
    "            #genereate random starting coefficients\n",
    "            c_0 = np.random.rand(9)\n",
    "    elif len(c_0) != 9:\n",
    "        raise Exception(\"Incorrect initial coefficients\")\n",
    "    \n",
    "    #generate draws\n",
    "    if drawtype == 'pseudo':\n",
    "        draws = np.random.randn(n_draws, n_q, 3); \n",
    "    else:\n",
    "         raise Exception(\"Incorrect Drawtype\")\n",
    "    \n",
    "    \n",
    "    global iterations\n",
    "    iterations = 1\n",
    "    def logging(xk):\n",
    "        global iterations\n",
    "        if(verbose):\n",
    "            print(\"Iteration %d, coefficients:\" % (iterations))\n",
    "            print(xk)\n",
    "            print('\\n')\n",
    "            iterations += 1\n",
    "    \n",
    "    start = time.time()\n",
    "    res =  minimize(likelihood, c_0, args=(data.drop(columns='choice').values, draws), method=method, callback=logging)\n",
    "    end = time.time()\n",
    "    duration = end-start \n",
    "    \n",
    "    if verbose: print(\"Optimization done, time elapsed: %s\" % str(datetime.timedelta(seconds=round(duration))))\n",
    "    \n",
    "    res['duration'] = duration\n",
    "    return res"
   ]
  },
  {
   "cell_type": "markdown",
   "metadata": {},
   "source": [
    "benchmarking and comparing pandas and numba implementation"
   ]
  },
  {
   "cell_type": "code",
   "execution_count": 5,
   "metadata": {},
   "outputs": [
    {
     "name": "stdout",
     "output_type": "stream",
     "text": [
      " duration: 226.67869758605957\n",
      "      fun: 2298.5125875909876\n",
      " hess_inv: array([[ 1.34391392e-02,  3.97529687e-03,  8.26055422e-03,\n",
      "        -1.04921118e-04,  2.01737899e-03, -4.91815779e-03,\n",
      "         1.67100730e-02,  8.26728386e-04,  3.38976385e-03],\n",
      "       [ 3.97529687e-03,  4.10939651e-03,  3.51086839e-03,\n",
      "         5.92406083e-04,  4.45218217e-04, -5.42227942e-04,\n",
      "         8.04466048e-03, -2.80309329e-03,  1.70662649e-03],\n",
      "       [ 8.26055422e-03,  3.51086839e-03,  8.76213724e-03,\n",
      "         5.62464674e-04,  2.12293375e-03, -4.17895652e-03,\n",
      "         1.80242501e-02,  2.24043392e-03,  3.39306563e-03],\n",
      "       [-1.04921118e-04,  5.92406083e-04,  5.62464674e-04,\n",
      "         1.26522701e-02, -1.38945436e-03,  7.20332792e-04,\n",
      "         5.49712727e-03,  1.47903767e-03,  1.43356818e-03],\n",
      "       [ 2.01737899e-03,  4.45218217e-04,  2.12293375e-03,\n",
      "        -1.38945436e-03,  2.03465501e-02, -9.00265706e-04,\n",
      "         1.90320981e-02, -3.44479264e-03,  2.49831512e-03],\n",
      "       [-4.91815779e-03, -5.42227942e-04, -4.17895652e-03,\n",
      "         7.20332792e-04, -9.00265706e-04,  9.75289537e-03,\n",
      "        -7.74297337e-03, -1.35993017e-03, -2.40633081e-03],\n",
      "       [ 1.67100730e-02,  8.04466048e-03,  1.80242501e-02,\n",
      "         5.49712727e-03,  1.90320981e-02, -7.74297337e-03,\n",
      "         1.90978136e-01,  2.94840365e-02,  1.24468565e-02],\n",
      "       [ 8.26728386e-04, -2.80309329e-03,  2.24043392e-03,\n",
      "         1.47903767e-03, -3.44479264e-03, -1.35993017e-03,\n",
      "         2.94840365e-02,  1.32088885e-02,  1.77942287e-03],\n",
      "       [ 3.38976385e-03,  1.70662649e-03,  3.39306563e-03,\n",
      "         1.43356818e-03,  2.49831512e-03, -2.40633081e-03,\n",
      "         1.24468565e-02,  1.77942287e-03,  7.30993599e-03]])\n",
      "      jac: array([ 6.10351562e-05,  3.05175781e-04, -2.13623047e-04, -2.44140625e-04,\n",
      "       -2.44140625e-04,  3.05175781e-05, -9.15527344e-05,  6.10351562e-05,\n",
      "       -2.74658203e-04])\n",
      "  message: 'Desired error not necessarily achieved due to precision loss.'\n",
      "     nfev: 529\n",
      "      nit: 32\n",
      "     njev: 48\n",
      "   status: 2\n",
      "  success: False\n",
      "        x: array([ 1.43215755,  1.6678598 ,  2.59275138,  0.98774196,  1.0763108 ,\n",
      "       -1.69011618,  0.2434839 ,  0.56547365,  1.25813392])\n",
      "      duration: 770.6231122016907\n",
      " final_simplex: (array([[ 1.46135536,  1.6734926 ,  2.57177486,  1.07933736,  1.0642103 ,\n",
      "        -1.66999068, -0.21026395,  0.10387615,  1.3105393 ],\n",
      "       [ 1.40043856,  1.70546004,  2.55573073,  1.06100039,  1.09031638,\n",
      "        -1.70079371, -0.26231897,  0.25667275,  1.3148407 ],\n",
      "       [ 1.39675717,  1.62709692,  2.52225347,  1.02490368,  1.12478904,\n",
      "        -1.68429436, -0.06657821,  0.30100584,  1.34285305],\n",
      "       [ 1.45569061,  1.71355324,  2.64039183,  1.07021246,  1.06637116,\n",
      "        -1.72867087, -0.04260823, -0.05940118,  1.37957235],\n",
      "       [ 1.41914411,  1.68429732,  2.56858961,  1.0412694 ,  1.11500595,\n",
      "        -1.6474895 , -0.11153923,  0.12972689,  1.37175099],\n",
      "       [ 1.37597824,  1.6047534 ,  2.53583391,  1.06104062,  1.05128863,\n",
      "        -1.658421  , -0.19314212,  0.41509838,  1.34359773],\n",
      "       [ 1.38124324,  1.66512858,  2.53797086,  1.11206758,  1.08987435,\n",
      "        -1.65290117, -0.02394451,  0.02726173,  1.37469204],\n",
      "       [ 1.45972257,  1.69167787,  2.60409508,  1.08495141,  1.19795587,\n",
      "        -1.68773047,  0.0921852 , -0.0355533 ,  1.35749317],\n",
      "       [ 1.44094911,  1.66443734,  2.56959099,  1.03233025,  1.23678554,\n",
      "        -1.76665898, -0.20719759, -0.06295102,  1.38695904],\n",
      "       [ 1.52928651,  1.69801079,  2.62036902,  1.08248037,  0.99473265,\n",
      "        -1.75192968,  0.03306619, -0.04255967,  1.38670452]]), array([2297.61102309, 2297.83082538, 2297.93851409, 2298.00898925,\n",
      "       2298.02773244, 2298.30718018, 2298.34923074, 2298.37878154,\n",
      "       2298.61544635, 2298.63270245]))\n",
      "           fun: 2297.6110230944055\n",
      "       message: 'Maximum number of function evaluations has been exceeded.'\n",
      "          nfev: 1800\n",
      "           nit: 1278\n",
      "        status: 1\n",
      "       success: False\n",
      "             x: array([ 1.46135536,  1.6734926 ,  2.57177486,  1.07933736,  1.0642103 ,\n",
      "       -1.66999068, -0.21026395,  0.10387615,  1.3105393 ])\n"
     ]
    }
   ],
   "source": [
    "np.random.seed(1234)\n",
    "\n",
    "#example run with BFGS\n",
    "print(mixedlogit(df, drawtype=\"pseudo\", n_draws=200, c_0=coefficients, method='BFGS', verbose=False))\n",
    "\n",
    "#example run with Nelder-Mead\n",
    "print(mixedlogit(df, drawtype=\"pseudo\", n_draws=200, c_0=coefficients, method='Nelder-Mead', verbose=False))"
   ]
  }
 ],
 "metadata": {
  "kernelspec": {
   "display_name": "Python 3",
   "language": "python",
   "name": "python3"
  },
  "language_info": {
   "codemirror_mode": {
    "name": "ipython",
    "version": 3
   },
   "file_extension": ".py",
   "mimetype": "text/x-python",
   "name": "python",
   "nbconvert_exporter": "python",
   "pygments_lexer": "ipython3",
   "version": "3.7.1"
  }
 },
 "nbformat": 4,
 "nbformat_minor": 2
}
