{
 "cells": [
  {
   "cell_type": "markdown",
   "metadata": {},
   "source": [
    "Loading the data\n",
    "\n",
    "id: household\n",
    "\n",
    "Choices:  \n",
    "- heinz41  \n",
    "- heinz32  \n",
    "- heinz28  \n",
    "- hunts32  \n",
    "\n",
    "variables  \n",
    "- disp (1/0)  \n",
    "- feat (1/0)  \n",
    "- price (Log?)  "
   ]
  },
  {
   "cell_type": "code",
   "execution_count": 1,
   "metadata": {},
   "outputs": [
    {
     "data": {
      "text/html": [
       "<div>\n",
       "<style scoped>\n",
       "    .dataframe tbody tr th:only-of-type {\n",
       "        vertical-align: middle;\n",
       "    }\n",
       "\n",
       "    .dataframe tbody tr th {\n",
       "        vertical-align: top;\n",
       "    }\n",
       "\n",
       "    .dataframe thead th {\n",
       "        text-align: right;\n",
       "    }\n",
       "</style>\n",
       "<table border=\"1\" class=\"dataframe\">\n",
       "  <thead>\n",
       "    <tr style=\"text-align: right;\">\n",
       "      <th></th>\n",
       "      <th>id</th>\n",
       "      <th>disp.heinz41</th>\n",
       "      <th>disp.heinz32</th>\n",
       "      <th>disp.heinz28</th>\n",
       "      <th>disp.hunts32</th>\n",
       "      <th>feat.heinz41</th>\n",
       "      <th>feat.heinz32</th>\n",
       "      <th>feat.heinz28</th>\n",
       "      <th>feat.hunts32</th>\n",
       "      <th>price.heinz41</th>\n",
       "      <th>price.heinz32</th>\n",
       "      <th>price.heinz28</th>\n",
       "      <th>price.hunts32</th>\n",
       "      <th>choice</th>\n",
       "      <th>choiceindex</th>\n",
       "    </tr>\n",
       "  </thead>\n",
       "  <tbody>\n",
       "    <tr>\n",
       "      <th>0</th>\n",
       "      <td>1</td>\n",
       "      <td>0</td>\n",
       "      <td>0</td>\n",
       "      <td>0</td>\n",
       "      <td>0</td>\n",
       "      <td>0</td>\n",
       "      <td>0</td>\n",
       "      <td>0</td>\n",
       "      <td>0</td>\n",
       "      <td>4.6</td>\n",
       "      <td>3.7</td>\n",
       "      <td>5.2</td>\n",
       "      <td>3.4</td>\n",
       "      <td>heinz28</td>\n",
       "      <td>2</td>\n",
       "    </tr>\n",
       "    <tr>\n",
       "      <th>1</th>\n",
       "      <td>1</td>\n",
       "      <td>0</td>\n",
       "      <td>0</td>\n",
       "      <td>0</td>\n",
       "      <td>0</td>\n",
       "      <td>0</td>\n",
       "      <td>0</td>\n",
       "      <td>0</td>\n",
       "      <td>0</td>\n",
       "      <td>4.6</td>\n",
       "      <td>4.3</td>\n",
       "      <td>5.2</td>\n",
       "      <td>4.4</td>\n",
       "      <td>heinz28</td>\n",
       "      <td>2</td>\n",
       "    </tr>\n",
       "    <tr>\n",
       "      <th>2</th>\n",
       "      <td>1</td>\n",
       "      <td>0</td>\n",
       "      <td>0</td>\n",
       "      <td>0</td>\n",
       "      <td>0</td>\n",
       "      <td>0</td>\n",
       "      <td>1</td>\n",
       "      <td>0</td>\n",
       "      <td>0</td>\n",
       "      <td>4.6</td>\n",
       "      <td>2.5</td>\n",
       "      <td>4.6</td>\n",
       "      <td>4.8</td>\n",
       "      <td>heinz28</td>\n",
       "      <td>2</td>\n",
       "    </tr>\n",
       "    <tr>\n",
       "      <th>3</th>\n",
       "      <td>1</td>\n",
       "      <td>0</td>\n",
       "      <td>0</td>\n",
       "      <td>0</td>\n",
       "      <td>0</td>\n",
       "      <td>0</td>\n",
       "      <td>0</td>\n",
       "      <td>0</td>\n",
       "      <td>0</td>\n",
       "      <td>4.6</td>\n",
       "      <td>3.7</td>\n",
       "      <td>5.2</td>\n",
       "      <td>3.4</td>\n",
       "      <td>heinz28</td>\n",
       "      <td>2</td>\n",
       "    </tr>\n",
       "    <tr>\n",
       "      <th>4</th>\n",
       "      <td>1</td>\n",
       "      <td>0</td>\n",
       "      <td>0</td>\n",
       "      <td>0</td>\n",
       "      <td>0</td>\n",
       "      <td>0</td>\n",
       "      <td>0</td>\n",
       "      <td>1</td>\n",
       "      <td>0</td>\n",
       "      <td>4.6</td>\n",
       "      <td>3.0</td>\n",
       "      <td>4.6</td>\n",
       "      <td>4.8</td>\n",
       "      <td>heinz28</td>\n",
       "      <td>2</td>\n",
       "    </tr>\n",
       "  </tbody>\n",
       "</table>\n",
       "</div>"
      ],
      "text/plain": [
       "   id  disp.heinz41  disp.heinz32  disp.heinz28  disp.hunts32  feat.heinz41  \\\n",
       "0   1             0             0             0             0             0   \n",
       "1   1             0             0             0             0             0   \n",
       "2   1             0             0             0             0             0   \n",
       "3   1             0             0             0             0             0   \n",
       "4   1             0             0             0             0             0   \n",
       "\n",
       "   feat.heinz32  feat.heinz28  feat.hunts32  price.heinz41  price.heinz32  \\\n",
       "0             0             0             0            4.6            3.7   \n",
       "1             0             0             0            4.6            4.3   \n",
       "2             1             0             0            4.6            2.5   \n",
       "3             0             0             0            4.6            3.7   \n",
       "4             0             1             0            4.6            3.0   \n",
       "\n",
       "   price.heinz28  price.hunts32   choice  choiceindex  \n",
       "0            5.2            3.4  heinz28            2  \n",
       "1            5.2            4.4  heinz28            2  \n",
       "2            4.6            4.8  heinz28            2  \n",
       "3            5.2            3.4  heinz28            2  \n",
       "4            4.6            4.8  heinz28            2  "
      ]
     },
     "execution_count": 1,
     "metadata": {},
     "output_type": "execute_result"
    }
   ],
   "source": [
    "import numpy as np\n",
    "import pandas as pd\n",
    "df = pd.read_pickle(\"data.pkl\") \n",
    "df.head()"
   ]
  },
  {
   "cell_type": "markdown",
   "metadata": {},
   "source": [
    "Defining the likelihood function using numba and numpy arrays and multiple draws"
   ]
  },
  {
   "cell_type": "code",
   "execution_count": 2,
   "metadata": {},
   "outputs": [],
   "source": [
    "import numpy as np\n",
    "import pandas as pd\n",
    "import datetime\n",
    "import time\n",
    "from scipy.optimize import minimize\n",
    "from numba import jit, prange\n",
    "\n",
    "@jit(nopython=True, parallel=True)\n",
    "def likelihood(c, data, draws):\n",
    "    #print(\"evaluation likelihood\")\n",
    "    n_r = draws.shape[0]\n",
    "    n_q = draws.shape[1]\n",
    "#   n_k = draws.shape[2]\n",
    "    \n",
    "    #matrix with all simulations\n",
    "    simulations = np.zeros((n_q, n_r))\n",
    "    \n",
    "    #iterate over households\n",
    "    for q in prange(n_q):\n",
    "        rows = data[np.where(data[:,0] == q+1)]\n",
    "        n_rows = len(rows)\n",
    "        \n",
    "        #iterate over draws per household\n",
    "        for r in prange(n_r):\n",
    "            probabilities= np.zeros(n_rows)\n",
    "            \n",
    "            #iterate over oberservations per househould\n",
    "            for t in prange(n_rows):\n",
    "                choices = np.zeros(4)\n",
    "                \n",
    "                #itetate over probability of choices per observation\n",
    "                for j in prange(4):\n",
    "                    utility = 0; #start with alpha\n",
    "                    if j < 3: utility = c[j]\n",
    "                    x = [rows[t][1+j], rows[t][5+j], rows[t][9+j]]\n",
    "                    mu =  c[3:6]\n",
    "                    sigma = c[6:]\n",
    "                    #np.exp(alpha +  np.dot(c[3:6],x) + np.dot(np.multiply(c[6:],draws[row[0]-1]),x))\n",
    "                    for l in prange(3):\n",
    "                          utility += mu[l] * x[l] + sigma[l] * draws[r][q][l] * x[l]\n",
    "\n",
    "                    choices[j] = np.exp(utility)\n",
    "            \n",
    "                probabilities[t] = choices[int(rows[t][13])] / np.sum(choices)\n",
    "                \n",
    "            simulations[q,r] = np.exp(np.log(probabilities).sum())\n",
    "            \n",
    "    estimates = np.zeros(n_q)\n",
    "    for q in prange(n_q):\n",
    "        estimates[q] = np.sum(simulations[q,:]) / n_r #.mean()\n",
    "    return -np.log(estimates).sum()\n",
    "\n",
    "iterations = 1\n",
    "\n",
    "   \n",
    "def mixedlogit(data, drawtype, n_draws, c_0=False, method='BFGS', verbose=False):\n",
    "    n_q = len(data.id.unique())\n",
    "    \n",
    "#     coefficients = [#alpha heinz41\n",
    "#                     #alpha heinz32 \n",
    "#                     #alpha hunts32\n",
    "#                     #mu    display\n",
    "#                     #mu    feat\n",
    "#                     #mu    price\n",
    "#                     #sigma dispay \n",
    "#                     #sigma feat \n",
    "#                     #sigma price \n",
    "#                     ]\n",
    "    \n",
    "    #generate inital values if neccesary\n",
    "    if c_0 == False:\n",
    "            #genereate random starting coefficients\n",
    "            c_0 = np.random.rand(9)\n",
    "    elif len(c_0) != 9:\n",
    "        raise Exception(\"Incorrect initial coefficients\")\n",
    "    \n",
    "    #generate draws\n",
    "    if drawtype == 'pseudo':\n",
    "        draws = np.random.randn(n_draws, n_q, 3); \n",
    "    else:\n",
    "         raise Exception(\"Incorrect Drawtype\")\n",
    "    \n",
    "    \n",
    "    global iterations\n",
    "    iterations = 1\n",
    "    def logging(xk):\n",
    "        global iterations\n",
    "        if(verbose):\n",
    "            print(\"Iteration %d, coefficients:\" % (iterations))\n",
    "            print(xk)\n",
    "            print('\\n')\n",
    "            iterations += 1\n",
    "    \n",
    "    start = time.time()\n",
    "    res =  minimize(likelihood, c_0, args=(data.drop(columns='choice').values, draws), method=method, callback=logging)\n",
    "    end = time.time()\n",
    "    duration = end-start \n",
    "    \n",
    "    #if verbose: \n",
    "    print(\"Optimization done, time elapsed: %s\" % str(datetime.timedelta(seconds=round(duration))))\n",
    "    \n",
    "    res['duration'] = duration\n",
    "    return res"
   ]
  },
  {
   "cell_type": "markdown",
   "metadata": {},
   "source": [
    "benchmarking and comparing pandas and numba implementation"
   ]
  },
  {
   "cell_type": "code",
   "execution_count": 5,
   "metadata": {},
   "outputs": [
    {
     "name": "stdout",
     "output_type": "stream",
     "text": [
      "Optimization done, time elapsed: 0:03:01\n",
      " duration: 181.44336557388306\n",
      "      fun: 2298.3771214956537\n",
      " hess_inv: array([[ 1.51247918e-02,  4.40450055e-03,  9.15214189e-03,\n",
      "         2.72918173e-04, -1.35133123e-04, -5.16632622e-03,\n",
      "        -1.56284845e-04, -1.34144628e-02,  2.65871720e-04],\n",
      "       [ 4.40450055e-03,  5.13470072e-03,  4.31586978e-03,\n",
      "         1.54823692e-03,  4.23226651e-04, -7.71717898e-04,\n",
      "        -1.89195392e-03, -9.25366092e-03,  9.28100700e-04],\n",
      "       [ 9.15214189e-03,  4.31586978e-03,  1.01636549e-02,\n",
      "         5.65494637e-04, -5.90932761e-05, -4.61240085e-03,\n",
      "        -2.97022815e-04, -1.51678343e-02,  1.31289754e-03],\n",
      "       [ 2.72918173e-04,  1.54823692e-03,  5.65494637e-04,\n",
      "         1.03804058e-02, -9.07411473e-04,  1.54296633e-03,\n",
      "        -4.06363126e-03,  7.96223379e-03,  1.21185192e-03],\n",
      "       [-1.35133123e-04,  4.23226651e-04, -5.90932761e-05,\n",
      "        -9.07411473e-04,  1.71053504e-02, -1.47025563e-03,\n",
      "        -4.67579241e-03, -1.88384017e-02,  4.61506484e-04],\n",
      "       [-5.16632622e-03, -7.71717898e-04, -4.61240085e-03,\n",
      "         1.54296633e-03, -1.47025563e-03,  1.37614480e-02,\n",
      "         5.32864074e-03,  1.12215279e-02, -2.82418711e-03],\n",
      "       [-1.56284845e-04, -1.89195392e-03, -2.97022815e-04,\n",
      "        -4.06363126e-03, -4.67579241e-03,  5.32864074e-03,\n",
      "         4.09974542e-02,  1.00675044e-03,  1.79438753e-03],\n",
      "       [-1.34144628e-02, -9.25366092e-03, -1.51678343e-02,\n",
      "         7.96223379e-03, -1.88384017e-02,  1.12215279e-02,\n",
      "         1.00675044e-03,  6.09240479e-02, -9.70191686e-03],\n",
      "       [ 2.65871720e-04,  9.28100700e-04,  1.31289754e-03,\n",
      "         1.21185192e-03,  4.61506484e-04, -2.82418711e-03,\n",
      "         1.79438753e-03, -9.70191686e-03,  8.21126406e-03]])\n",
      "      jac: array([ 3.05175781e-05,  9.15527344e-05,  0.00000000e+00,  6.10351562e-05,\n",
      "        0.00000000e+00,  9.15527344e-05,  1.83105469e-04,  0.00000000e+00,\n",
      "       -1.22070312e-04])\n",
      "  message: 'Desired error not necessarily achieved due to precision loss.'\n",
      "     nfev: 441\n",
      "      nit: 26\n",
      "     njev: 40\n",
      "   status: 2\n",
      "  success: False\n",
      "        x: array([ 1.42601304,  1.66420822,  2.5845226 ,  0.98567546,  1.08327323,\n",
      "       -1.68280994,  0.23924632, -0.4220186 ,  1.3072179 ])\n",
      "Optimization done, time elapsed: 0:12:26\n",
      "      duration: 745.6732521057129\n",
      " final_simplex: (array([[ 1.39646594,  1.55603441,  2.57473139, -0.43500587,  1.20437539,\n",
      "        -1.82009769, -1.76111528,  0.41509321,  1.29579119],\n",
      "       [ 1.3947652 ,  1.55068229,  2.5525688 , -0.43493221,  1.21613031,\n",
      "        -1.79957293, -1.83333553,  0.4932194 ,  1.31429609],\n",
      "       [ 1.35497611,  1.56195834,  2.5439101 , -0.43402846,  1.1282494 ,\n",
      "        -1.78212151, -1.7727605 ,  0.42937776,  1.29284847],\n",
      "       [ 1.30978165,  1.53890398,  2.51657831, -0.42982409,  1.21640384,\n",
      "        -1.75492057, -1.81462263,  0.4643427 ,  1.31251011],\n",
      "       [ 1.34919461,  1.5424202 ,  2.59154358, -0.43191301,  1.13907911,\n",
      "        -1.80115176, -1.67606477,  0.43830588,  1.30383487],\n",
      "       [ 1.33982714,  1.51366365,  2.52684663, -0.42317765,  1.18070315,\n",
      "        -1.77835448, -1.77915956,  0.51048857,  1.29028318],\n",
      "       [ 1.36300588,  1.53641956,  2.55813091, -0.42621161,  1.15844585,\n",
      "        -1.83069323, -1.75495364,  0.37947485,  1.3330089 ],\n",
      "       [ 1.28711645,  1.55343348,  2.5075844 , -0.43130917,  1.19681223,\n",
      "        -1.73810897, -1.7698862 ,  0.40440734,  1.24195353],\n",
      "       [ 1.34824787,  1.52569554,  2.51762774, -0.41591258,  1.17752484,\n",
      "        -1.73931595, -1.77130562,  0.19505351,  1.31281835],\n",
      "       [ 1.33797372,  1.55638781,  2.53838132, -0.42682701,  1.11517478,\n",
      "        -1.77991059, -1.90504838,  0.37133035,  1.28330937]]), array([2355.67282435, 2355.85476639, 2356.04283257, 2356.10571171,\n",
      "       2356.10997124, 2356.11532043, 2356.23426313, 2356.29136091,\n",
      "       2356.4352897 , 2356.48629519]))\n",
      "           fun: 2355.6728243490893\n",
      "       message: 'Maximum number of function evaluations has been exceeded.'\n",
      "          nfev: 1801\n",
      "           nit: 1288\n",
      "        status: 1\n",
      "       success: False\n",
      "             x: array([ 1.39646594,  1.55603441,  2.57473139, -0.43500587,  1.20437539,\n",
      "       -1.82009769, -1.76111528,  0.41509321,  1.29579119])\n"
     ]
    }
   ],
   "source": [
    "np.random.seed(1234)\n",
    "\n",
    "#example run with BFGS\n",
    "print(mixedlogit(df, drawtype=\"pseudo\", n_draws=200, method='BFGS', verbose=False))\n",
    "\n",
    "#example run with Nelder-Mead\n",
    "print(mixedlogit(df, drawtype=\"pseudo\", n_draws=200, method='Nelder-Mead', verbose=False))"
   ]
  }
 ],
 "metadata": {
  "kernelspec": {
   "display_name": "Python 3",
   "language": "python",
   "name": "python3"
  },
  "language_info": {
   "codemirror_mode": {
    "name": "ipython",
    "version": 3
   },
   "file_extension": ".py",
   "mimetype": "text/x-python",
   "name": "python",
   "nbconvert_exporter": "python",
   "pygments_lexer": "ipython3",
   "version": "3.7.1"
  }
 },
 "nbformat": 4,
 "nbformat_minor": 2
}
